#SPRITE	11	../../data/bgPangPang/item.bmp	../../data/bgPangPang/item_mask.bmp
WeaponSingle	2	-1
0	0.3	0	0	45	30
1	0.3	0	30	45	30
WeaponDouble	2	-1
0	0.3	45	0	45	30
1	0.3	45	30	45	30
WeaponFixed	2	-1
0	0.3	90	0	45	30
1	0.3	90	30	45	30
WeaponGun	2	-1
0	0.3	135	0	45	30
1	0.3	135	30	45	30
Food1		2	-1
0	0.3	180	0	45	30
1	0.3	180	30	45	30
Food2		2	-1
0	0.3	225	0	45	30
1	0.3	225	30	45	30
Food3		2	-1
0	0.3	270	0	45	30
1	0.3	270	30	45	30
Food4		2	-1
0	0.3	315	0	45	30
1	0.3	315	30	45	30
Life		2	-1
0	0.3	360	0	45	30
1	0.3	360	30	45	30
Clock		2	-1
0	0.3	405	0	45	30
1	0.3	405	30	45	30
Shield		2	-1
0	0.3	450	0	45	30
1	0.3	450	30	45	30