#SPRITE	19	../../data/bgNetris/block_small.bmp	NULL_MASK
BlockSmallNONE	10	-1
0	1.0	0	0	0	0	16	16
1	1.0	0	0	16	0	16	16
2	1.0	0	0	32	0	16	16
3	1.0	0	0	48	0	16	16
4	1.0	0	0	64	0	16	16
5	1.0	0	0	80	0	16	16
6	1.0	0	0	96	0	16	16
7	1.0	0	0	112	0	16	16
8	1.0	0	0	128	0	16	16
9	1.0	0	0	144	0	16	16
BlockSmall1	10	-1
0	1.0	0	0	0	16	16	16
1	1.0	0	0	16	16	16	16
2	1.0	0	0	32	16	16	16
3	1.0	0	0	48	16	16	16
4	1.0	0	0	64	16	16	16
5	1.0	0	0	80	16	16	16
6	1.0	0	0	48	16	16	16
7	1.0	0	0	112	16	16	16
8	1.0	0	0	64	16	16	16
9	1.0	0	0	144	16	16	16
BlockSmall2	10	-1
0	1.0	0	0	0	32	16	16
1	1.0	0	0	16	32	16	16
2	1.0	0	0	32	32	16	16
3	1.0	0	0	48	32	16	16
4	1.0	0	0	64	32	16	16
5	1.0	0	0	80	32	16	16
6	1.0	0	0	96	32	16	16
7	1.0	0	0	112	32	16	16
8	1.0	0	0	128	32	16	16
9	1.0	0	0	144	32	16	16
BlockSmall3	10	-1
0	1.0	0	0	0	48	16	16
1	1.0	0	0	16	48	16	16
2	1.0	0	0	32	48	16	16
3	1.0	0	0	48	48	16	16
4	1.0	0	0	64	48	16	16
5	1.0	0	0	80	48	16	16
6	1.0	0	0	96	48	16	16
7	1.0	0	0	112	48	16	16
8	1.0	0	0	128	48	16	16
9	1.0	0	0	144	48	16	16
BlockSmall4	10	-1
0	1.0	0	0	0	64	16	16
1	1.0	0	0	16	64	16	16
2	1.0	0	0	32	64	16	16
3	1.0	0	0	48	64	16	16
4	1.0	0	0	64	64	16	16
5	1.0	0	0	80	64	16	16
6	1.0	0	0	96	64	16	16
7	1.0	0	0	112	64	16	16
8	1.0	0	0	128	64	16	16
9	1.0	0	0	144	64	16	16
BlockSmall5	10	-1
0	1.0	0	0	0	80	16	16
1	1.0	0	0	16	80	16	16
2	1.0	0	0	32	80	16	16
3	1.0	0	0	48	80	16	16
4	1.0	0	0	64	80	16	16
5	1.0	0	0	80	80	16	16
6	1.0	0	0	96	80	16	16
7	1.0	0	0	112	80	16	16
8	1.0	0	0	128	80	16	16
9	1.0	0	0	144	80	16	16
BlockSmall6	10	-1
0	1.0	0	0	0	96	16	16
1	1.0	0	0	16	96	16	16
2	1.0	0	0	32	96	16	16
3	1.0	0	0	48	96	16	16
4	1.0	0	0	64	96	16	16
5	1.0	0	0	80	96	16	16
6	1.0	0	0	96	96	16	16
7	1.0	0	0	112	96	16	16
8	1.0	0	0	128	96	16	16
9	1.0	0	0	144	96	16	16
BlockSmall7	10	-1
0	1.0	0	0	0	112	16	16
1	1.0	0	0	16	112	16	16
2	1.0	0	0	32	112	16	16
3	1.0	0	0	48	112	16	16
4	1.0	0	0	64	112	16	16
5	1.0	0	0	80	112	16	16
6	1.0	0	0	96	112	16	16
7	1.0	0	0	112	112	16	16
8	1.0	0	0	128	112	16	16
9	1.0	0	0	144	112	16	16
BlockSmallEDGE	10	-1
0	1.0	0	0	0	128	16	16
1	1.0	0	0	16	128	16	16
2	1.0	0	0	32	128	16	16
3	1.0	0	0	48	128	16	16
4	1.0	0	0	64	128	16	16
5	1.0	0	0	80	128	16	16
6	1.0	0	0	96	128	16	16
7	1.0	0	0	112	128	16	16
8	1.0	0	0	128	128	16	16
9	1.0	0	0	144	128	16	16
BlockSmallADD	1	0
0	100.0	0	0	0	144	16	16
BlockSmallSLASH	1	0
0	100.0	0	0	16	144	16	16
BlockSmallTWIST	1	0
0	100.0	0	0	32	144	16	16
BlockSmallDARK	1	0
0	100.0	0	0	48	144	16	16
BlockSmallSUB	1	0
0	100.0	0	0	64	144	16	16
BlockSmallSTRAIGHT	1	0
0	100.0	0	0	80	144	16	16
BlockSmallDROP	1	0
0	100.0	0	0	96	144	16	16
BlockSmallCLEAR	1	0
0	100.0	0	0	112	144	16	16
BlockSmallSHIELD	1	0
0	100.0	0	0	128	144	16	16
BlockSmallCHANGE	1	0
0	100.0	0	0	144	144	16	16