#SPRITE	19	../../data/bgNetris/block_big.bmp	NULL_MASK
BlockBigNONE	10	-1
0	1.0	0	0	0	0	32	32
1	1.0	0	0	32	0	32	32
2	1.0	0	0	64	0	32	32
3	1.0	0	0	96	0	32	32
4	1.0	0	0	128	0	32	32
5	1.0	0	0	160	0	32	32
6	1.0	0	0	192	0	32	32
7	1.0	0	0	224	0	32	32
8	1.0	0	0	256	0	32	32
9	1.0	0	0	288	0	32	32
BlockBig1	10	-1
0	1.0	0	0	0	32	32	32
1	1.0	0	0	32	32	32	32
2	1.0	0	0	64	32	32	32
3	1.0	0	0	96	32	32	32
4	1.0	0	0	128	32	32	32
5	1.0	0	0	160	32	32	32
6	1.0	0	0	192	32	32	32
7	1.0	0	0	224	32	32	32
8	1.0	0	0	256	32	32	32
9	1.0	0	0	288	32	32	32
BlockBig2	10	-1
0	1.0	0	0	0	64	32	32
1	1.0	0	0	32	64	32	32
2	1.0	0	0	64	64	32	32
3	1.0	0	0	96	64	32	32
4	1.0	0	0	128	64	32	32
5	1.0	0	0	160	64	32	32
6	1.0	0	0	192	64	32	32
7	1.0	0	0	224	64	32	32
8	1.0	0	0	256	64	32	32
9	1.0	0	0	288	64	32	32
BlockBig3	10	-1
0	1.0	0	0	0	96	32	32
1	1.0	0	0	32	96	32	32
2	1.0	0	0	64	96	32	32
3	1.0	0	0	96	96	32	32
4	1.0	0	0	128	96	32	32
5	1.0	0	0	160	96	32	32
6	1.0	0	0	192	96	32	32
7	1.0	0	0	224	96	32	32
8	1.0	0	0	256	96	32	32
9	1.0	0	0	288	96	32	32
BlockBig4	10	-1
0	1.0	0	0	0	128	32	32
1	1.0	0	0	32	128	32	32
2	1.0	0	0	64	128	32	32
3	1.0	0	0	96	128	32	32
4	1.0	0	0	128	128	32	32
5	1.0	0	0	160	128	32	32
6	1.0	0	0	192	128	32	32
7	1.0	0	0	224	128	32	32
8	1.0	0	0	256	128	32	32
9	1.0	0	0	288	128	32	32
BlockBig5	10	-1
0	1.0	0	0	0	160	32	32
1	1.0	0	0	32	160	32	32
2	1.0	0	0	64	160	32	32
3	1.0	0	0	96	160	32	32
4	1.0	0	0	128	160	32	32
5	1.0	0	0	160	160	32	32
6	1.0	0	0	192	160	32	32
7	1.0	0	0	224	160	32	32
8	1.0	0	0	256	160	32	32
9	1.0	0	0	288	160	32	32
BlockBig6	10	-1
0	1.0	0	0	0	192	32	32
1	1.0	0	0	32	192	32	32
2	1.0	0	0	64	192	32	32
3	1.0	0	0	96	192	32	32
4	1.0	0	0	128	192	32	32
5	1.0	0	0	160	192	32	32
6	1.0	0	0	192	192	32	32
7	1.0	0	0	224	192	32	32
8	1.0	0	0	256	192	32	32
9	1.0	0	0	288	192	32	32
BlockBig7	10	-1
0	1.0	0	0	0	224	32	32
1	1.0	0	0	32	224	32	32
2	1.0	0	0	64	224	32	32
3	1.0	0	0	96	224	32	32
4	1.0	0	0	128	224	32	32
5	1.0	0	0	160	224	32	32
6	1.0	0	0	192	224	32	32
7	1.0	0	0	224	224	32	32
8	1.0	0	0	256	224	32	32
9	1.0	0	0	288	224	32	32
BlockBigEDGE	10	-1
0	1.0	0	0	0	256	32	32
1	1.0	0	0	32	256	32	32
2	1.0	0	0	64	256	32	32
3	1.0	0	0	96	256	32	32
4	1.0	0	0	128	256	32	32
5	1.0	0	0	160	256	32	32
6	1.0	0	0	192	256	32	32
7	1.0	0	0	224	256	32	32
8	1.0	0	0	256	256	32	32
9	1.0	0	0	288	256	32	32
BlockBigADD	1	0
0	100.0	0	0	0	288	32	32
BlockBigSLASH	1	0
0	100.0	0	0	32	288	32	32
BlockBigTWIST	1	0
0	100.0	0	0	64	288	32	32
BlockBigDARK	1	0
0	100.0	0	0	96	288	32	32
BlockBigSUB	1	0
0	100.0	0	0	128	288	32	32
BlockBigSTRAIGHT	1	0
0	100.0	0	0	160	288	32	32
BlockBigDROP	1	0
0	100.0	0	0	192	288	32	32
BlockBigCLEAR	1	0
0	100.0	0	0	224	288	32	32
BlockBigSHIELD	1	0
0	100.0	0	0	256	288	32	32
BlockBigCHANGE	1	0
0	100.0	0	0	288	288	32	32